1|8|1 2 10 16 17 18 19 20 
2|8|1 2 6 16 17 18 19 20 
3|8|1 2 10 12 16 17 18 19 20 
4|8|1 2 10 16 17 18 19 20 
5|8|1 2 10 16 17 18 19 20 
6|8|3 4 5 7 8 9 16 17 18 19 20 
7|7|3 4 5 7 8 9 17 18 19 20 
8|8|1 2 10 16 17 18 19 20 
9|7|1 2 10 17 18 19 20 
10|8|1 2 3 4 5 6 7 8 9 16 17 18 19 20 
11|8|1 2 7 8 9 16 17 18 19 20 
12|8|1 2 6 10 16 17 18 19 20 
13|8|1 2 10 11 16 17 18 19 20 
14|8|16 17 18 19 20 
15|8|7 8 9 16 17 18 19 20 
16|7|7 8 9 17 18 19 20 
17|8|1 2 6 10 16 17 18 19 20 
18|8|1 2 16 17 18 19 20 
19|8|1 2 6 7 8 9 10 16 17 18 19 20 
20|8|1 2 10 11 16 17 18 19 20 
21|8|1 2 10 11 16 17 18 19 20 
22|7|1 2 10 11 16 17 18 19 20 
23|8|7 8 9 16 17 18 19 20 
24|8|1 2 10 16 17 18 19 20 
25|8|1 2 3 4 5 7 8 9 16 17 18 19 20 
26|8|3 4 5 7 8 9 16 17 18 19 20 
27|8|1 2 3 4 5 16 17 18 19 20 
28|8|1 2 7 8 9 10 11 16 17 18 19 20 
29|8|1 2 3 4 5 7 8 9 16 17 18 19 20 
30|8|1 2 3 4 5 16 17 18 19 20 
31|8|7 8 9 16 17 18 19 20 
32|7|1 2 6 10 11 16 17 18 19 20 
33|8|1 2 6 10 16 17 18 19 20 
34|8|1 2 3 4 5 11 16 17 18 19 20 
35|8|7 8 9 11 13 14 15 16 17 18 19 20 
36|8|7 8 9 10 13 14 15 16 17 18 19 20 
37|7|7 8 9 10 13 14 15 17 18 19 20 
38|8|1 2 7 8 9 10 16 17 18 19 20 
39|8|1 2 7 8 9 10 16 17 18 19 20 
40|8|1 2 7 8 9 16 17 18 19 20 
41|6|1 2 7 8 9 17 18 19 20 
42|7|1 2 10 16 17 18 19 20 
43|8|1 2 3 4 5 7 8 9 16 17 18 19 20 
44|7|1 2 3 4 5 7 8 9 10 16 17 18 19 20 
45|8|7 8 9 13 14 15 16 17 18 19 20 
46|8|3 4 5 7 8 9 16 17 18 19 20 
47|8|3 4 5 7 8 9 16 17 18 19 20 
48|7|3 4 5 7 8 9 17 18 19 20 
49|8|7 8 9 13 14 15 16 17 18 19 20 
50|8|7 8 9 13 14 15 16 17 18 19 20 
51|8|1 2 3 4 5 16 17 18 19 20 
52|8|11 16 17 18 19 20 
53|8|1 2 10 16 17 18 19 20 
54|8|3 4 5 7 8 9 16 17 18 19 20 
55|8|3 4 5 7 8 9 11 16 17 18 19 20 
56|8|1 2 10 16 17 18 19 20 
57|7|1 2 10 16 17 18 19 20 
58|6|1 2 6 10 16 17 18 19 20 
59|7|17 18 19 20 
60|8|3 4 5 7 8 9 16 17 18 19 20 
61|8|3 4 5 16 17 18 19 20 
62|7|1 2 3 4 5 7 8 9 16 17 18 19 20 
63|8|1 2 6 10 12 16 17 18 19 20 
64|8|12 16 17 18 19 20 
65|7|12 17 18 19 20 
66|7|1 2 3 4 5 12 16 17 18 19 20 
67|8|3 4 5 7 8 9 16 17 18 19 20 
68|8|7 8 9 11 16 17 18 19 20 
69|8|1 2 10 11 16 17 18 19 20 
70|8|1 2 10 16 17 18 19 20 
71|8|1 2 10 16 17 18 19 20 
72|6|1 2 10 17 18 19 20 
73|7|1 2 10 11 16 17 18 19 20 
74|8|7 8 9 16 17 18 19 20 
75|5|1 2 3 4 5 7 8 9 10 11 16 17 18 19 20 
76|7|3 4 5 7 8 9 17 18 19 20 
77|7|1 2 10 16 17 18 19 20 
78|8|3 4 5 7 8 9 16 17 18 19 20 
79|6|3 4 5 7 8 9 17 18 19 20 
80|8|1 2 7 8 9 16 17 18 19 20 
81|8|1 2 10 11 16 17 18 19 20 
82|8|7 8 9 13 14 15 16 17 18 19 20 
83|8|1 2 10 16 17 18 19 20 
84|8|16 17 18 19 20 
85|7|1 2 6 7 8 9 11 13 14 15 16 17 18 19 20 
86|8|1 2 7 8 9 16 17 18 19 20 
87|8|3 4 5 7 8 9 12 16 17 18 19 20 
88|8|16 17 18 19 20 
89|8|3 4 5 7 8 9 16 17 18 19 20 
90|6|1 2 10 11 16 17 18 19 20 
91|6|1 2 16 17 18 19 20 
92|6|3 4 5 7 8 9 16 17 18 19 20 
