1(8,1) 2(8,1) 3(8,1) 6(8,1) 8(8,1) 
10(8,1) 13(8,1) 15(8,1) 17(8,1) 18(8,1) 
19(8,1) 20(8,1) 25(8,1) 26(8,1) 27(8,1) 
30(8,1) 32(7,1) 33(8,1) 34(8,1) 36(8,1) 
37(7,1) 38(8,1) 40(8,1) 43(8,1) 44(7,1) 
46(8,1) 47(8,1) 52(8,1) 53(8,1) 54(8,1) 
55(8,1) 56(8,1) 57(7,1) 59(7,1) 60(8,1) 
63(8,1) 65(7,1) 66(7,1) 67(8,1) 71(8,1) 
73(7,1) 75(5,1) 76(7,1) 77(7,1) 79(6,1) 
80(8,1) 81(8,1) 83(8,1) 85(7,1) 87(8,1) 
1(8,2) 2(8,2) 3(8,2) 6(8,2) 8(8,2) 
10(8,2) 13(8,2) 15(8,2) 17(8,2) 18(8,2) 
19(8,2) 20(8,2) 25(8,2) 26(8,2) 27(8,2) 
30(8,2) 32(7,2) 33(8,2) 34(8,2) 36(8,2) 
37(7,2) 38(8,2) 40(8,2) 43(8,2) 44(7,2) 
46(8,2) 47(8,2) 52(8,2) 53(8,2) 54(8,2) 
55(8,2) 56(8,2) 57(7,2) 59(7,2) 60(8,2) 
63(8,2) 65(7,2) 66(7,2) 67(8,2) 71(8,2) 
73(7,2) 75(5,2) 76(7,2) 77(7,2) 79(6,2) 
80(8,2) 81(8,2) 83(8,2) 85(7,2) 87(8,2) 
1(8,3) 2(8,3) 3(8,3) 6(8,3) 8(8,3) 
10(8,3) 13(8,3) 15(8,3) 17(8,3) 18(8,3) 
19(8,3) 20(8,3) 25(8,3) 26(8,3) 27(8,3) 
30(8,3) 32(7,3) 33(8,3) 34(8,3) 36(8,3) 
37(7,3) 38(8,3) 40(8,3) 43(8,3) 44(7,3) 
46(8,3) 47(8,3) 52(8,3) 53(8,3) 54(8,3) 
55(8,3) 56(8,3) 57(7,3) 59(7,3) 60(8,3) 
63(8,3) 65(7,3) 66(7,3) 67(8,3) 71(8,3) 
73(7,3) 75(5,3) 76(7,3) 77(7,3) 79(6,3) 
80(8,3) 81(8,3) 83(8,3) 85(7,3) 87(8,3) 
1(8,4) 2(8,4) 3(8,4) 6(8,4) 8(8,4) 
10(8,4) 13(8,4) 15(8,4) 17(8,4) 18(8,4) 
19(8,4) 20(8,4) 25(8,4) 26(8,4) 27(8,4) 
30(8,4) 32(7,1) 33(8,4) 34(8,4) 36(8,4) 
37(7,1) 38(8,4) 40(8,4) 43(8,4) 44(7,1) 
46(8,4) 47(8,4) 52(8,4) 53(8,4) 54(8,4) 
55(8,4) 56(8,4) 57(7,1) 59(7,1) 60(8,4) 
63(8,4) 65(7,1) 66(7,1) 67(8,4) 71(8,4) 
73(7,1) 75(5,4) 76(7,1) 77(7,1) 79(6,4) 
80(8,4) 81(8,4) 83(8,4) 85(7,1) 87(8,4) 
1(8,5) 2(8,5) 3(8,5) 6(8,5) 8(8,5) 
10(8,5) 13(8,5) 15(8,5) 17(8,5) 18(8,5) 
19(8,5) 20(8,5) 25(8,5) 26(8,5) 27(8,5) 
30(8,5) 32(7,2) 33(8,5) 34(8,5) 36(8,5) 
37(7,2) 38(8,5) 40(8,5) 43(8,5) 44(7,2) 
46(8,5) 47(8,5) 52(8,5) 53(8,5) 54(8,5) 
55(8,5) 56(8,5) 57(7,2) 59(7,2) 60(8,5) 
63(8,5) 65(7,2) 66(7,2) 67(8,5) 71(8,5) 
73(7,2) 75(5,5) 76(7,2) 77(7,2) 79(6,5) 
80(8,5) 81(8,5) 83(8,5) 85(7,2) 87(8,5) 
1(8,6) 2(8,6) 3(8,6) 6(8,6) 8(8,6) 
10(8,6) 13(8,6) 15(8,6) 17(8,6) 18(8,6) 
19(8,6) 20(8,6) 25(8,6) 26(8,6) 27(8,6) 
30(8,6) 32(7,3) 33(8,6) 34(8,6) 36(8,6) 
37(7,3) 38(8,6) 40(8,6) 43(8,6) 44(7,3) 
46(8,6) 47(8,6) 52(8,6) 53(8,6) 54(8,6) 
55(8,6) 56(8,6) 57(7,3) 59(7,3) 60(8,6) 
63(8,6) 65(7,3) 66(7,3) 67(8,6) 71(8,6) 
73(7,3) 75(5,6) 76(7,3) 77(7,3) 79(6,1) 
80(8,6) 81(8,6) 83(8,6) 85(7,3) 87(8,6) 
1(8,7) 2(8,7) 3(8,7) 6(8,7) 8(8,7) 
10(8,7) 13(8,7) 15(8,7) 17(8,7) 18(8,7) 
19(8,7) 20(8,7) 25(8,7) 26(8,7) 27(8,7) 
30(8,7) 32(7,1) 33(8,7) 34(8,7) 36(8,7) 
37(7,1) 38(8,7) 40(8,7) 43(8,7) 44(7,1) 
46(8,7) 47(8,7) 52(8,7) 53(8,7) 54(8,7) 
55(8,7) 56(8,7) 57(7,1) 59(7,1) 60(8,7) 
63(8,7) 65(7,1) 66(7,1) 67(8,7) 71(8,7) 
73(7,1) 75(5,1) 76(7,1) 77(7,1) 79(6,2) 
80(8,7) 81(8,7) 83(8,7) 85(7,1) 87(8,7) 
